VARIABLES="y ", " velocity_x " 
1 0
0.992188 -0.00295265
0.984375 -0.00567865
0.976562 -0.00819951
0.96875 -0.0105355
0.960938 -0.0127059
0.953125 -0.0147289
0.945312 -0.016622
0.9375 -0.0184017
0.929688 -0.0200834
0.921875 -0.0216821
0.914062 -0.0232115
0.90625 -0.024685
0.898438 -0.026115
0.890625 -0.0275132
0.882812 -0.0288908
0.875 -0.0302582
0.867188 -0.0316253
0.859375 -0.0330016
0.851562 -0.0343957
0.84375 -0.0358161
0.835938 -0.0372708
0.828125 -0.0387671
0.820312 -0.0403123
0.8125 -0.0419131
0.804688 -0.043576
0.796875 -0.0453069
0.789062 -0.0471119
0.78125 -0.0489964
0.773438 -0.0509658
0.765625 -0.0530251
0.757812 -0.0551791
0.75 -0.0574325
0.742188 -0.0597897
0.734375 -0.0622547
0.726562 -0.0648314
0.71875 -0.0675236
0.710938 -0.0703347
0.703125 -0.0732676
0.695312 -0.0763253
0.6875 -0.0795101
0.679688 -0.0828241
0.671875 -0.086269
0.664062 -0.089846
0.65625 -0.0935557
0.648438 -0.0973983
0.640625 -0.101373
0.632812 -0.105479
0.625 -0.109714
0.617188 -0.114075
0.609375 -0.118558
0.601562 -0.123159
0.59375 -0.127871
0.585938 -0.132687
0.578125 -0.137599
0.570312 -0.142598
0.5625 -0.147671
0.554688 -0.152806
0.546875 -0.157989
0.539062 -0.163203
0.53125 -0.16843
0.523438 -0.173652
0.515625 -0.178845
0.507812 -0.183988
0.5 -0.189054
0.492188 -0.194016
0.484375 -0.198845
0.476562 -0.203511
0.46875 -0.207981
0.460938 -0.21222
0.453125 -0.216193
0.445312 -0.219863
0.4375 -0.223192
0.429688 -0.22614
0.421875 -0.228667
0.414062 -0.230733
0.40625 -0.232297
0.398438 -0.233317
0.390625 -0.233755
0.382812 -0.233568
0.375 -0.232718
0.367188 -0.231166
0.359375 -0.228876
0.351562 -0.225811
0.34375 -0.22194
0.335938 -0.217228
0.328125 -0.211649
0.320312 -0.205173
0.3125 -0.197776
0.304688 -0.189436
0.296875 -0.180133
0.289062 -0.169849
0.28125 -0.158567
0.273438 -0.146276
0.265625 -0.132963
0.257812 -0.118618
0.25 -0.103232
0.242188 -0.0867977
0.234375 -0.0693069
0.226562 -0.0507523
0.21875 -0.031126
0.210938 -0.0104189
0.203125 0.0113794
0.195312 0.0342813
0.1875 0.0583018
0.179688 0.0834587
0.171875 0.109773
0.164062 0.137269
0.15625 0.165973
0.148438 0.195918
0.140625 0.227134
0.132812 0.259657
0.125 0.29352
0.117188 0.328755
0.109375 0.365389
0.101562 0.403442
0.09375 0.442921
0.0859375 0.48382
0.078125 0.526112
0.0703125 0.569745
0.0625 0.614642
0.0546875 0.660694
0.046875 0.707758
0.0390625 0.75566
0.03125 0.804196
0.0234375 0.853137
0.015625 0.902242
0.0078125 0.95127
0 1
