VARIABLES="x ", " velocity_y " 
1 0
0.992188 -0.0160009
0.984375 -0.0307683
0.976562 -0.044324
0.96875 -0.0566966
0.960938 -0.0679207
0.953125 -0.0780357
0.945312 -0.0870847
0.9375 -0.0951137
0.929688 -0.102171
0.921875 -0.108305
0.914062 -0.113567
0.90625 -0.118006
0.898438 -0.121672
0.890625 -0.124615
0.882812 -0.126883
0.875 -0.128522
0.867188 -0.129578
0.859375 -0.130095
0.851562 -0.130115
0.84375 -0.129679
0.835938 -0.128824
0.828125 -0.127588
0.820312 -0.126006
0.8125 -0.124109
0.804688 -0.121929
0.796875 -0.119494
0.789062 -0.116833
0.78125 -0.11397
0.773438 -0.110929
0.765625 -0.107733
0.757812 -0.104401
0.75 -0.100953
0.742188 -0.0974056
0.734375 -0.0937758
0.726562 -0.090078
0.71875 -0.0863257
0.710938 -0.0825312
0.703125 -0.0787056
0.695312 -0.074859
0.6875 -0.0710003
0.679688 -0.0671377
0.671875 -0.0632781
0.664062 -0.0594278
0.65625 -0.0555923
0.648438 -0.0517762
0.640625 -0.0479833
0.632812 -0.0442168
0.625 -0.0404795
0.617188 -0.0367732
0.609375 -0.0330993
0.601562 -0.0294588
0.59375 -0.0258521
0.585938 -0.0222793
0.578125 -0.0187399
0.570312 -0.0152331
0.5625 -0.0117579
0.554688 -0.00831301
0.546875 -0.00489674
0.539062 -0.00150733
0.53125 0.0018572
0.523438 0.00519893
0.515625 0.00852004
0.507812 0.0118228
0.5 0.0151093
0.492188 0.0183819
0.484375 0.0216425
0.476562 0.0248933
0.46875 0.028136
0.460938 0.0313721
0.453125 0.034603
0.445312 0.0378296
0.4375 0.0410527
0.429688 0.0442723
0.421875 0.0474883
0.414062 0.0506997
0.40625 0.0539053
0.398438 0.0571031
0.390625 0.0602904
0.382812 0.0634638
0.375 0.0666191
0.367188 0.0697514
0.359375 0.0728548
0.351562 0.0759226
0.34375 0.0789473
0.335938 0.0819202
0.328125 0.0848319
0.320312 0.0876719
0.3125 0.0904287
0.304688 0.0930901
0.296875 0.0956428
0.289062 0.0980729
0.28125 0.100365
0.273438 0.102505
0.265625 0.104475
0.257812 0.106259
0.25 0.107841
0.242188 0.109202
0.234375 0.110326
0.226562 0.111196
0.21875 0.111795
0.210938 0.112106
0.203125 0.112115
0.195312 0.111807
0.1875 0.111169
0.179688 0.110189
0.171875 0.108858
0.164062 0.107167
0.15625 0.105111
0.148438 0.102685
0.140625 0.0998893
0.132812 0.0967245
0.125 0.0931949
0.117188 0.0893072
0.109375 0.0850709
0.101562 0.0804981
0.09375 0.0756035
0.0859375 0.0704045
0.078125 0.0649208
0.0703125 0.059174
0.0625 0.0531879
0.0546875 0.0469882
0.046875 0.0406018
0.0390625 0.034057
0.03125 0.027383
0.0234375 0.0206098
0.015625 0.0137679
0.0078125 0.00688796
0 0
